62.4500	62.2500	61.2500	60.9000
62.2500	62.4500	62.2500	61.2500
62.2500	62.2500	62.4500	62.2500
63.2500	62.2500	62.2500	62.4500
62.6500	63.2500	62.2500	62.2500
64.0000	62.6500	63.2500	62.2500
64.9000	64.0000	62.6500	63.2500
65.5500	64.9000	64.0000	62.6500
65.9000	65.5500	64.9000	64.0000
64.0000	65.9000	65.5500	64.9000
64.5000	64.0000	65.9000	65.5500
64.4500	64.5000	64.0000	65.9000
64.1000	64.4500	64.5000	64.0000
63.1000	64.1000	64.4500	64.5000
62.5000	63.1000	64.1000	64.4500
63.0000	62.5000	63.1000	64.1000
64.2000	63.0000	62.5000	63.1000
65.4000	64.2000	63.0000	62.5000
69.5000	65.4000	64.2000	63.0000
72.8000	69.5000	65.4000	64.2000
74.8500	72.8000	69.5000	65.4000
74.0000	74.8500	72.8000	69.5000
74.5000	74.0000	74.8500	72.8000
75.5000	74.5000	74.0000	74.8500
75.4000	75.5000	74.5000	74.0000
73.6500	75.4000	75.5000	74.5000
71.7000	73.6500	75.4000	75.5000
72.2500	71.7000	73.6500	75.4000
73.1000	72.2500	71.7000	73.6500
73.5000	73.1000	72.2500	71.7000
72.7500	73.5000	73.1000	72.2500
72.4000	72.7500	73.5000	73.1000
72.9500	72.4000	72.7500	73.5000
73.0000	72.9500	72.4000	72.7500
72.8000	73.0000	72.9500	72.4000
72.7000	72.8000	73.0000	72.9500
73.5000	72.7000	72.8000	73.0000
73.0000	73.5000	72.7000	72.8000
70.8000	73.0000	73.5000	72.7000
70.0000	70.8000	73.0000	73.5000
71.1500	70.0000	70.8000	73.0000
70.0000	71.1500	70.0000	70.8000
70.0000	70.0000	71.1500	70.0000
71.0000	70.0000	70.0000	71.1500
70.5000	71.0000	70.0000	70.0000
70.0000	70.5000	71.0000	70.0000
70.7000	70.0000	70.5000	71.0000
70.0000	70.7000	70.0000	70.5000
70.2000	70.0000	70.7000	70.0000
71.0000	70.2000	70.0000	70.7000
70.8500	71.0000	70.2000	70.0000
68.0000	70.8500	71.0000	70.2000
69.9500	68.0000	70.8500	71.0000
69.8000	69.9500	68.0000	70.8500
69.3000	69.8000	69.9500	68.0000
68.9500	69.3000	69.8000	69.9500
69.6500	68.9500	69.3000	69.8000
70.2000	69.6500	68.9500	69.3000
69.9000	70.2000	69.6500	68.9500
66.8500	69.9000	70.2000	69.6500
68.4000	66.8500	69.9000	70.2000
67.9000	68.4000	66.8500	69.9000
67.0000	67.9000	68.4000	66.8500
66.6000	67.0000	67.9000	68.4000
66.5000	66.6000	67.0000	67.9000
69.0000	66.5000	66.6000	67.0000
69.5000	69.0000	66.5000	66.6000
68.7500	69.5000	69.0000	66.5000
69.4000	68.7500	69.5000	69.0000
69.0000	69.4000	68.7500	69.5000
69.7500	69.0000	69.4000	68.7500
69.5000	69.7500	69.0000	69.4000
68.5000	69.5000	69.7500	69.0000
68.0000	68.5000	69.5000	69.7500
68.5000	68.0000	68.5000	69.5000
68.2500	68.5000	68.0000	68.5000
68.0100	68.2500	68.5000	68.0000
68.0000	68.0100	68.2500	68.5000
66.7000	68.0000	68.0100	68.2500
67.0000	66.7000	68.0000	68.0100
67.0000	67.0000	66.7000	68.0000
66.7500	67.0000	67.0000	66.7000
67.1000	66.7500	67.0000	67.0000
67.0000	67.1000	66.7500	67.0000
67.8000	67.0000	67.1000	66.7500
69.3500	67.8000	67.0000	67.1000
71.0000	69.3500	67.8000	67.0000
69.6000	71.0000	69.3500	67.8000
69.6900	69.6000	71.0000	69.3500
69.4500	69.6900	69.6000	71.0000
69.4900	69.4500	69.6900	69.6000
72.5000	69.4900	69.4500	69.6900
73.9500	72.5000	69.4900	69.4500
73.2000	73.9500	72.5000	69.4900
73.6500	73.2000	73.9500	72.5000
75.0000	73.6500	73.2000	73.9500
80.0000	75.0000	73.6500	73.2000
79.4000	80.0000	75.0000	73.6500
80.3000	79.4000	80.0000	75.0000
81.0000	80.3000	79.4000	80.0000
84.0000	81.0000	80.3000	79.4000
83.8000	84.0000	81.0000	80.3000
83.0000	83.8000	84.0000	81.0000
82.5000	83.0000	83.8000	84.0000
84.0000	82.5000	83.0000	83.8000
83.9900	84.0000	82.5000	83.0000
83.8000	83.9900	84.0000	82.5000
83.3800	83.8000	83.9900	84.0000
86.0000	83.3800	83.8000	83.9900
88.5000	86.0000	83.3800	83.8000
88.4400	88.5000	86.0000	83.3800
88.0000	88.4400	88.5000	86.0000
91.0000	88.0000	88.4400	88.5000
90.5000	91.0000	88.0000	88.4400
89.7000	90.5000	91.0000	88.0000
86.6500	89.7000	90.5000	91.0000
89.8800	86.6500	89.7000	90.5000
90.2900	89.8800	86.6500	89.7000
93.9000	90.2900	89.8800	86.6500
94.0000	93.9000	90.2900	89.8800
90.7000	94.0000	93.9000	90.2900
90.0000	90.7000	94.0000	93.9000
88.7000	90.0000	90.7000	94.0000
87.2100	88.7000	90.0000	90.7000
86.3000	87.2100	88.7000	90.0000
84.9900	86.3000	87.2100	88.7000
89.5000	84.9900	86.3000	87.2100
90.0000	89.5000	84.9900	86.3000
89.5000	90.0000	89.5000	84.9900
87.5000	89.5000	90.0000	89.5000
86.5000	87.5000	89.5000	90.0000
84.0000	86.5000	87.5000	89.5000
85.4500	84.0000	86.5000	87.5000
86.9000	85.4500	84.0000	86.5000
87.0000	86.9000	85.4500	84.0000
87.0000	87.0000	86.9000	85.4500
88.6500	87.0000	87.0000	86.9000
88.0000	88.6500	87.0000	87.0000
86.5000	88.0000	88.6500	87.0000
88.0000	86.5000	88.0000	88.6500
87.1100	88.0000	86.5000	88.0000
88.2000	87.1100	88.0000	86.5000
86.0000	88.2000	87.1100	88.0000
87.5000	86.0000	88.2000	87.1100
87.4500	87.5000	86.0000	88.2000
86.9700	87.4500	87.5000	86.0000
86.2200	86.9700	87.4500	87.5000
84.5500	86.2200	86.9700	87.4500
85.5000	84.5500	86.2200	86.9700
85.0200	85.5000	84.5500	86.2200
86.7500	85.0200	85.5000	84.5500
87.5000	86.7500	85.0200	85.5000
88.0000	87.5000	86.7500	85.0200
89.8900	88.0000	87.5000	86.7500
95.0000	89.8900	88.0000	87.5000
89.0000	95.0000	89.8900	88.0000
87.8000	89.0000	95.0000	89.8900
88.9900	87.8000	89.0000	95.0000
89.9900	88.9900	87.8000	89.0000
94.0000	89.9900	88.9900	87.8000
92.3100	94.0000	89.9900	88.9900
93.9000	92.3100	94.0000	89.9900
93.0000	93.9000	92.3100	94.0000
93.6300	93.0000	93.9000	92.3100
97.0000	93.6300	93.0000	93.9000
96.4000	97.0000	93.6300	93.0000
95.1100	96.4000	97.0000	93.6300
92.4000	95.1100	96.4000	97.0000
90.5000	92.4000	95.1100	96.4000
88.5000	90.5000	92.4000	95.1100
91.5000	88.5000	90.5000	92.4000
90.0000	91.5000	88.5000	90.5000
89.2500	90.0000	91.5000	88.5000
90.0000	89.2500	90.0000	91.5000
86.0000	90.0000	89.2500	90.0000
86.9000	86.0000	90.0000	89.2500
87.5000	86.9000	86.0000	90.0000
89.5000	87.5000	86.9000	86.0000
89.4500	89.5000	87.5000	86.9000
90.0000	89.4500	89.5000	87.5000
89.4000	90.0000	89.4500	89.5000
89.4100	89.4000	90.0000	89.4500
88.5000	89.4100	89.4000	90.0000
88.5000	88.5000	89.4100	89.4000
91.0000	88.5000	88.5000	89.4100
88.9800	91.0000	88.5000	88.5000
87.0000	88.9800	91.0000	88.5000
85.9000	87.0000	88.9800	91.0000
88.5000	85.9000	87.0000	88.9800
88.9400	88.5000	85.9000	87.0000
87.5200	88.9400	88.5000	85.9000
89.9400	87.5200	88.9400	88.5000
90.0000	89.9400	87.5200	88.9400
90.5000	90.0000	89.9400	87.5200
90.5500	90.5000	90.0000	89.9400
90.0500	90.5500	90.5000	90.0000
90.4400	90.0500	90.5500	90.5000
91.0000	90.4400	90.0500	90.5500
93.0000	91.0000	90.4400	90.0500
95.0000	93.0000	91.0000	90.4400
94.9500	95.0000	93.0000	91.0000
94.6000	94.9500	95.0000	93.0000
97.2000	94.6000	94.9500	95.0000
99.8000	97.2000	94.6000	94.9500
93.9000	99.8000	97.2000	94.6000
73.3000	93.9000	99.8000	97.2000
78.0000	73.3000	93.9000	99.8000
81.5100	78.0000	73.3000	93.9000
81.5100	81.5100	78.0000	73.3000
81.5000	81.5100	81.5100	78.0000
81.5000	81.5000	81.5100	81.5100
81.9500	81.5000	81.5000	81.5100
82.0000	81.9500	81.5000	81.5000
80.0000	82.0000	81.9500	81.5000
78.0000	80.0000	82.0000	81.9500
77.9500	78.0000	80.0000	82.0000
77.2500	77.9500	78.0000	80.0000
78.0000	77.2500	77.9500	78.0000
76.4000	78.0000	77.2500	77.9500
75.9000	76.4000	78.0000	77.2500
75.4100	75.9000	76.4000	78.0000
75.3600	75.4100	75.9000	76.4000
77.0000	75.3600	75.4100	75.9000
76.5000	77.0000	75.3600	75.4100
77.6000	76.5000	77.0000	75.3600
75.9500	77.6000	76.5000	77.0000
77.0000	75.9500	77.6000	76.5000
75.3000	77.0000	75.9500	77.6000
75.9000	75.3000	77.0000	75.9500
75.4400	75.9000	75.3000	77.0000
75.5000	75.4400	75.9000	75.3000
74.2500	75.5000	75.4400	75.9000
74.5000	74.2500	75.5000	75.4400
75.0000	74.5000	74.2500	75.5000
74.3900	75.0000	74.5000	74.2500
74.3500	74.3900	75.0000	74.5000
73.5200	74.3500	74.3900	75.0000
74.4000	73.5200	74.3500	74.3900
76.8500	74.4000	73.5200	74.3500
78.0000	76.8500	74.4000	73.5200
78.1500	78.0000	76.8500	74.4000
77.6600	78.1500	78.0000	76.8500
78.0000	77.6600	78.1500	78.0000
77.9900	78.0000	77.6600	78.1500
78.0000	77.9900	78.0000	77.6600
78.0500	78.0000	77.9900	78.0000
78.8000	78.0500	78.0000	77.9900
79.6800	78.8000	78.0500	78.0000
80.5400	79.6800	78.8000	78.0500
80.0000	80.5400	79.6800	78.8000
80.7600	80.0000	80.5400	79.6800
81.4700	80.7600	80.0000	80.5400
81.4000	81.4700	80.7600	80.0000
80.6200	81.4000	81.4700	80.7600
79.0500	80.6200	81.4000	81.4700
79.8000	79.0500	80.6200	81.4000
79.8000	79.8000	79.0500	80.6200
79.8000	79.8000	79.8000	79.0500
78.9300	79.8000	79.8000	79.8000
80.2000	78.9300	79.8000	79.8000
80.7000	80.2000	78.9300	79.8000
80.8000	80.7000	80.2000	78.9300
81.3500	80.8000	80.7000	80.2000
84.0100	81.3500	80.8000	80.7000
85.3000	84.0100	81.3500	80.8000
86.0000	85.3000	84.0100	81.3500
86.8900	86.0000	85.3000	84.0100
86.8300	86.8900	86.0000	85.3000
86.2000	86.8300	86.8900	86.0000
86.6500	86.2000	86.8300	86.8900
87.0000	86.6500	86.2000	86.8300
87.3400	87.0000	86.6500	86.2000
88.0000	87.3400	87.0000	86.6500
88.0000	88.0000	87.3400	87.0000
86.7800	88.0000	88.0000	87.3400
87.2000	86.7800	88.0000	88.0000
89.7000	87.2000	86.7800	88.0000
89.5000	89.7000	87.2000	86.7800
89.6500	89.5000	89.7000	87.2000
91.8000	89.6500	89.5000	89.7000
93.5000	91.8000	89.6500	89.5000
93.0000	93.5000	91.8000	89.6500
92.5000	93.0000	93.5000	91.8000
92.9300	92.5000	93.0000	93.5000
91.9400	92.9300	92.5000	93.0000
91.5000	91.9400	92.9300	92.5000
90.0000	91.5000	91.9400	92.9300
91.9800	90.0000	91.5000	91.9400
92.9500	91.9800	90.0000	91.5000
92.8900	92.9500	91.9800	90.0000
93.1000	92.8900	92.9500	91.9800
94.5000	93.1000	92.8900	92.9500
97.1500	94.5000	93.1000	92.8900
92.8000	97.1500	94.5000	93.1000
94.7500	92.8000	97.1500	94.5000
93.0600	94.7500	92.8000	97.1500
91.6800	93.0600	94.7500	92.8000
88.9900	91.6800	93.0600	94.7500
89.4500	88.9900	91.6800	93.0600
89.5000	89.4500	88.9900	91.6800
89.0000	89.5000	89.4500	88.9900
88.6000	89.0000	89.5000	89.4500
86.6000	88.6000	89.0000	89.5000
88.5800	86.6000	88.6000	89.0000
88.6500	88.5800	86.6000	88.6000
87.2200	88.6500	88.5800	86.6000
87.5000	87.2200	88.6500	88.5800
85.5000	87.5000	87.2200	88.6500
86.5000	85.5000	87.5000	87.2200
87.5500	86.5000	85.5000	87.5000
89.0000	87.5500	86.5000	85.5000
88.0000	89.0000	87.5500	86.5000
87.7400	88.0000	89.0000	87.5500
87.7000	87.7400	88.0000	89.0000
88.0000	87.7000	87.7400	88.0000
88.4700	88.0000	87.7000	87.7400
87.9000	88.4700	88.0000	87.7000
87.1000	87.9000	88.4700	88.0000
86.6500	87.1000	87.9000	88.4700
87.7000	86.6500	87.1000	87.9000
87.0000	87.7000	86.6500	87.1000
83.9500	87.0000	87.7000	86.6500
82.0000	83.9500	87.0000	87.7000
80.5000	82.0000	83.9500	87.0000
78.8800	80.5000	82.0000	83.9500
80.5000	78.8800	80.5000	82.0000
83.8000	80.5000	78.8800	80.5000
84.8700	83.8000	80.5000	78.8800
82.0600	84.8700	83.8000	80.5000
80.7500	82.0600	84.8700	83.8000
80.7500	80.7500	82.0600	84.8700
79.4500	80.7500	80.7500	82.0600
79.9700	79.4500	80.7500	80.7500
79.8200	79.9700	79.4500	80.7500
79.5000	79.8200	79.9700	79.4500
78.0100	79.5000	79.8200	79.9700
78.7500	78.0100	79.5000	79.8200
78.8000	78.7500	78.0100	79.5000
79.4000	78.8000	78.7500	78.0100
78.1000	79.4000	78.8000	78.7500
77.9000	78.1000	79.4000	78.8000
77.8200	77.9000	78.1000	79.4000
78.0000	77.8200	77.9000	78.1000
77.2000	78.0000	77.8200	77.9000
77.5000	77.2000	78.0000	77.8200
77.9100	77.5000	77.2000	78.0000
79.8000	77.9100	77.5000	77.2000
80.0000	79.8000	77.9100	77.5000
81.7100	80.0000	79.8000	77.9100
81.9000	81.7100	80.0000	79.8000
81.9000	81.9000	81.7100	80.0000
82.6000	81.9000	81.9000	81.7100
81.5800	82.6000	81.9000	81.9000
82.1000	81.5800	82.6000	81.9000
83.4900	82.1000	81.5800	82.6000
82.4900	83.4900	82.1000	81.5800
82.0000	82.4900	83.4900	82.1000
82.0000	82.0000	82.4900	83.4900
82.8000	82.0000	82.0000	82.4900
84.9600	82.8000	82.0000	82.0000
84.4500	84.9600	82.8000	82.0000
84.3900	84.4500	84.9600	82.8000
83.8800	84.3900	84.4500	84.9600
83.0300	83.8800	84.3900	84.4500
83.0600	83.0300	83.8800	84.3900
83.0000	83.0600	83.0300	83.8800
83.0000	83.0000	83.0600	83.0300
82.7000	83.0000	83.0000	83.0600
84.0000	82.7000	83.0000	83.0000
83.6700	84.0000	82.7000	83.0000
83.8000	83.6700	84.0000	82.7000
82.6500	83.8000	83.6700	84.0000
81.5100	82.6500	83.8000	83.6700
81.5000	81.5100	82.6500	83.8000
83.0000	81.5000	81.5100	82.6500
81.8000	83.0000	81.5000	81.5100
82.5000	81.8000	83.0000	81.5000
82.0000	82.5000	81.8000	83.0000
81.5500	82.0000	82.5000	81.8000
81.9200	81.5500	82.0000	82.5000
81.7800	81.9200	81.5500	82.0000
81.0000	81.7800	81.9200	81.5500
78.8100	81.0000	81.7800	81.9200
79.5000	78.8100	81.0000	81.7800
79.7100	79.5000	78.8100	81.0000
80.5700	79.7100	79.5000	78.8100
80.0000	80.5700	79.7100	79.5000
80.2600	80.0000	80.5700	79.7100
80.8900	80.2600	80.0000	80.5700
80.9800	80.8900	80.2600	80.0000
80.1500	80.9800	80.8900	80.2600
79.4500	80.1500	80.9800	80.8900
79.4100	79.4500	80.1500	80.9800
80.7900	79.4100	79.4500	80.1500
80.7900	80.7900	79.4100	79.4500
79.9000	80.7900	80.7900	79.4100
77.2000	79.9000	80.7900	80.7900
77.2500	77.2000	79.9000	80.7900
79.4500	77.2500	77.2000	79.9000
80.5000	79.4500	77.2500	77.2000
78.5500	80.5000	79.4500	77.2500
78.5100	78.5500	80.5000	79.4500
78.4700	78.5100	78.5500	80.5000
77.0000	78.4700	78.5100	78.5500
78.3000	77.0000	78.4700	78.5100
78.5000	78.3000	77.0000	78.4700
78.5000	78.5000	78.3000	77.0000
77.9400	78.5000	78.5000	78.3000
79.3000	77.9400	78.5000	78.5000
79.0000	79.3000	77.9400	78.5000
79.0000	79.0000	79.3000	77.9400
78.7000	79.0000	79.0000	79.3000
78.0000	78.7000	79.0000	79.0000
77.8800	78.0000	78.7000	79.0000
79.5300	77.8800	78.0000	78.7000
78.7700	79.5300	77.8800	78.0000
76.2000	78.7700	79.5300	77.8800
76.2100	76.2000	78.7700	79.5300
76.1300	76.2100	76.2000	78.7700
77.1800	76.1300	76.2100	76.2000
80.7500	77.1800	76.1300	76.2100
84.5900	80.7500	77.1800	76.1300
85.0500	84.5900	80.7500	77.1800
84.5500	85.0500	84.5900	80.7500
83.7500	84.5500	85.0500	84.5900
84.9000	83.7500	84.5500	85.0500
83.0400	84.9000	83.7500	84.5500
84.8000	83.0400	84.9000	83.7500
86.7500	84.8000	83.0400	84.9000
86.7500	86.7500	84.8000	83.0400
87.8000	86.7500	86.7500	84.8000
86.5000	87.8000	86.7500	86.7500
87.0000	86.5000	87.8000	86.7500
86.9200	87.0000	86.5000	87.8000
86.7000	86.9200	87.0000	86.5000
84.7000	86.7000	86.9200	87.0000
83.5100	84.7000	86.7000	86.9200
82.4700	83.5100	84.7000	86.7000
82.8500	82.4700	83.5100	84.7000
84.9500	82.8500	82.4700	83.5100
84.3000	84.9500	82.8500	82.4700
83.0000	84.3000	84.9500	82.8500
83.0600	83.0000	84.3000	84.9500
83.8000	83.0600	83.0000	84.3000
82.3600	83.8000	83.0600	83.0000
78.7500	82.3600	83.8000	83.0600
78.0000	78.7500	82.3600	83.8000
75.6000	78.0000	78.7500	82.3600
75.9000	75.6000	78.0000	78.7500
76.1000	75.9000	75.6000	78.0000
73.3000	76.1000	75.9000	75.6000
71.5100	73.3000	76.1000	75.9000
73.3000	71.5100	73.3000	76.1000
72.3500	73.3000	71.5100	73.3000
76.0000	72.3500	73.3000	71.5100
76.7000	76.0000	72.3500	73.3000
75.8000	76.7000	76.0000	72.3500
75.7000	75.8000	76.7000	76.0000
76.0000	75.7000	75.8000	76.7000
76.0000	76.0000	75.7000	75.8000
76.1200	76.0000	76.0000	75.7000
74.0000	76.1200	76.0000	76.0000
74.8000	74.0000	76.1200	76.0000
75.9700	74.8000	74.0000	76.1200
75.9000	75.9700	74.8000	74.0000
76.3900	75.9000	75.9700	74.8000
78.8300	76.3900	75.9000	75.9700
77.0000	78.8300	76.3900	75.9000
75.0000	77.0000	78.8300	76.3900
75.8600	75.0000	77.0000	78.8300
75.8400	75.8600	75.0000	77.0000
77.0000	75.8400	75.8600	75.0000
79.0000	77.0000	75.8400	75.8600
78.0100	79.0000	77.0000	75.8400
78.3000	78.0100	79.0000	77.0000
76.5000	78.3000	78.0100	79.0000
77.0600	76.5000	78.3000	78.0100
78.0600	77.0600	76.5000	78.3000
79.3100	78.0600	77.0600	76.5000
79.9900	79.3100	78.0600	77.0600
81.9300	79.9900	79.3100	78.0600
79.0000	81.9300	79.9900	79.3100
79.6500	79.0000	81.9300	79.9900
82.0000	79.6500	79.0000	81.9300
81.7000	82.0000	79.6500	79.0000
80.1200	81.7000	82.0000	79.6500
81.9000	80.1200	81.7000	82.0000
82.0000	81.9000	80.1200	81.7000
79.3900	82.0000	81.9000	80.1200
78.0000	79.3900	82.0000	81.9000
77.9900	78.0000	79.3900	82.0000
77.2100	77.9900	78.0000	79.3900
76.0000	77.2100	77.9900	78.0000
74.5000	76.0000	77.2100	77.9900
75.4300	74.5000	76.0000	77.2100
76.5500	75.4300	74.5000	76.0000
76.6000	76.5500	75.4300	74.5000
79.5000	76.6000	76.5500	75.4300
78.5000	79.5000	76.6000	76.5500
78.2100	78.5000	79.5000	76.6000
77.9800	78.2100	78.5000	79.5000
77.0500	77.9800	78.2100	78.5000
75.4300	77.0500	77.9800	78.2100
76.3000	75.4300	77.0500	77.9800
79.5000	76.3000	75.4300	77.0500
79.2700	79.5000	76.3000	75.4300
81.1200	79.2700	79.5000	76.3000
81.5000	81.1200	79.2700	79.5000
81.3100	81.5000	81.1200	79.2700
78.0000	81.3100	81.5000	81.1200
78.0400	78.0000	81.3100	81.5000
79.0000	78.0400	78.0000	81.3100
78.3000	79.0000	78.0400	78.0000
79.7900	78.3000	79.0000	78.0400
84.0000	79.7900	78.3000	79.0000
84.7700	84.0000	79.7900	78.3000
85.0000	84.7700	84.0000	79.7900
86.2900	85.0000	84.7700	84.0000
84.7300	86.2900	85.0000	84.7700
84.0000	84.7300	86.2900	85.0000
85.9000	84.0000	84.7300	86.2900
84.5000	85.9000	84.0000	84.7300
84.3900	84.5000	85.9000	84.0000
83.0500	84.3900	84.5000	85.9000
82.1200	83.0500	84.3900	84.5000
82.8000	82.1200	83.0500	84.3900
83.9000	82.8000	82.1200	83.0500
84.6500	83.9000	82.8000	82.1200
83.5600	84.6500	83.9000	82.8000
82.5000	83.5600	84.6500	83.9000
83.3900	82.5000	83.5600	84.6500
84.0700	83.3900	82.5000	83.5600
84.8900	84.0700	83.3900	82.5000
84.9000	84.8900	84.0700	83.3900
85.3400	84.9000	84.8900	84.0700
84.7900	85.3400	84.9000	84.8900
84.4000	84.7900	85.3400	84.9000
82.4900	84.4000	84.7900	85.3400
83.1000	82.4900	84.4000	84.7900
82.9000	83.1000	82.4900	84.4000
82.7900	82.9000	83.1000	82.4900
81.9000	82.7900	82.9000	83.1000
82.4400	81.9000	82.7900	82.9000
81.1100	82.4400	81.9000	82.7900
81.5500	81.1100	82.4400	81.9000
80.6200	81.5500	81.1100	82.4400
79.6500	80.6200	81.5500	81.1100
77.5600	79.6500	80.6200	81.5500
78.6200	77.5600	79.6500	80.6200
81.2600	78.6200	77.5600	79.6500
79.5500	81.2600	78.6200	77.5600
79.5000	79.5500	81.2600	78.6200
81.5000	79.5000	79.5500	81.2600
80.0000	81.5000	79.5000	79.5500
82.4000	80.0000	81.5000	79.5000
83.1900	82.4000	80.0000	81.5000
83.5000	83.1900	82.4000	80.0000
82.4600	83.5000	83.1900	82.4000
83.7400	82.4600	83.5000	83.1900
83.0000	83.7400	82.4600	83.5000
84.0000	83.0000	83.7400	82.4600
84.9500	84.0000	83.0000	83.7400
83.3000	84.9500	84.0000	83.0000
85.4000	83.3000	84.9500	84.0000
84.9800	85.4000	83.3000	84.9500
85.0000	84.9800	85.4000	83.3000
85.4000	85.0000	84.9800	85.4000
85.0000	85.4000	85.0000	84.9800
84.9900	85.0000	85.4000	85.0000
84.6000	84.9900	85.0000	85.4000
82.7500	84.6000	84.9900	85.0000
83.0500	82.7500	84.6000	84.9900
85.3900	83.0500	82.7500	84.6000
85.1500	85.3900	83.0500	82.7500
86.7500	85.1500	85.3900	83.0500
88.8100	86.7500	85.1500	85.3900
87.3500	88.8100	86.7500	85.1500
88.0000	87.3500	88.8100	86.7500
89.0000	88.0000	87.3500	88.8100
88.7000	89.0000	88.0000	87.3500
89.1500	88.7000	89.0000	88.0000
88.7400	89.1500	88.7000	89.0000
88.0000	88.7400	89.1500	88.7000
90.0400	88.0000	88.7400	89.1500
88.9600	90.0400	88.0000	88.7400
90.0000	88.9600	90.0400	88.0000
90.9000	90.0000	88.9600	90.0400
91.1100	90.9000	90.0000	88.9600
91.5000	91.1100	90.9000	90.0000
92.3000	91.5000	91.1100	90.9000
95.0500	92.3000	91.5000	91.1100
94.9900	95.0500	92.3000	91.5000
98.5900	94.9900	95.0500	92.3000
98.0200	98.5900	94.9900	95.0500
94.0000	98.0200	98.5900	94.9900
94.8800	94.0000	98.0200	98.5900
93.8500	94.8800	94.0000	98.0200
92.5500	93.8500	94.8800	94.0000
92.7500	92.5500	93.8500	94.8800
94.0000	92.7500	92.5500	93.8500
92.5800	94.0000	92.7500	92.5500
91.5000	92.5800	94.0000	92.7500
92.9600	91.5000	92.5800	94.0000
91.9400	92.9600	91.5000	92.5800
94.0000	91.9400	92.9600	91.5000
91.6300	94.0000	91.9400	92.9600
92.0000	91.6300	94.0000	91.9400
92.2500	92.0000	91.6300	94.0000
90.7900	92.2500	92.0000	91.6300
90.0200	90.7900	92.2500	92.0000
89.3000	90.0200	90.7900	92.2500
88.1700	89.3000	90.0200	90.7900
89.0000	88.1700	89.3000	90.0200
87.2000	89.0000	88.1700	89.3000
86.7300	87.2000	89.0000	88.1700
88.1800	86.7300	87.2000	89.0000
91.4200	88.1800	86.7300	87.2000
90.0000	91.4200	88.1800	86.7300
89.5000	90.0000	91.4200	88.1800
91.5000	89.5000	90.0000	91.4200
89.8000	91.5000	89.5000	90.0000
89.1500	89.8000	91.5000	89.5000
89.0000	89.1500	89.8000	91.5000
89.3300	89.0000	89.1500	89.8000
89.5000	89.3300	89.0000	89.1500
88.0700	89.5000	89.3300	89.0000
87.7400	88.0700	89.5000	89.3300
88.0100	87.7400	88.0700	89.5000
85.0500	88.0100	87.7400	88.0700
84.8200	85.0500	88.0100	87.7400
84.0000	84.8200	85.0500	88.0100
87.5000	84.0000	84.8200	85.0500
86.6500	87.5000	84.0000	84.8200
87.0000	86.6500	87.5000	84.0000
84.2800	87.0000	86.6500	87.5000
86.0000	84.2800	87.0000	86.6500
86.0000	86.0000	84.2800	87.0000
85.8400	86.0000	86.0000	84.2800
84.8500	85.8400	86.0000	86.0000
84.4000	84.8500	85.8400	86.0000
84.5200	84.4000	84.8500	85.8400
84.2000	84.5200	84.4000	84.8500
83.4000	84.2000	84.5200	84.4000
83.0500	83.4000	84.2000	84.5200
84.8800	83.0500	83.4000	84.2000
84.0000	84.8800	83.0500	83.4000
86.4500	84.0000	84.8800	83.0500
84.7700	86.4500	84.0000	84.8800
85.1600	84.7700	86.4500	84.0000
85.5600	85.1600	84.7700	86.4500
85.1500	85.5600	85.1600	84.7700
86.0500	85.1500	85.5600	85.1600
85.5000	86.0500	85.1500	85.5600
85.5400	85.5000	86.0500	85.1500
87.0400	85.5400	85.5000	86.0500
87.0000	87.0400	85.5400	85.5000
89.2500	87.0000	87.0400	85.5400
87.2400	89.2500	87.0000	87.0400
86.8000	87.2400	89.2500	87.0000
88.7600	86.8000	87.2400	89.2500
85.6000	88.7600	86.8000	87.2400
85.4000	85.6000	88.7600	86.8000
82.1400	85.4000	85.6000	88.7600
83.6000	82.1400	85.4000	85.6000
84.5000	83.6000	82.1400	85.4000
84.3200	84.5000	83.6000	82.1400
86.0500	84.3200	84.5000	83.6000
87.8200	86.0500	84.3200	84.5000
85.9000	87.8200	86.0500	84.3200
87.0000	85.9000	87.8200	86.0500
87.0000	87.0000	85.9000	87.8200
87.5000	87.0000	87.0000	85.9000
88.5000	87.5000	87.0000	87.0000
87.0100	88.5000	87.5000	87.0000
85.0000	87.0100	88.5000	87.5000
86.4700	85.0000	87.0100	88.5000
87.5000	86.4700	85.0000	87.0100
87.6900	87.5000	86.4700	85.0000
87.0000	87.6900	87.5000	86.4700
88.1000	87.0000	87.6900	87.5000
85.4000	88.1000	87.0000	87.6900
84.2700	85.4000	88.1000	87.0000
85.9200	84.2700	85.4000	88.1000
82.9400	85.9200	84.2700	85.4000
81.7900	82.9400	85.9200	84.2700
80.7000	81.7900	82.9400	85.9200
80.9000	80.7000	81.7900	82.9400
80.1000	80.9000	80.7000	81.7900
79.5000	80.1000	80.9000	80.7000
79.2000	79.5000	80.1000	80.9000
76.7200	79.2000	79.5000	80.1000
76.7000	76.7200	79.2000	79.5000
78.2500	76.7000	76.7200	79.2000
80.4000	78.2500	76.7000	76.7200
82.8000	80.4000	78.2500	76.7000
83.0000	82.8000	80.4000	78.2500
83.3700	83.0000	82.8000	80.4000
83.5000	83.3700	83.0000	82.8000
83.4500	83.5000	83.3700	83.0000
83.7000	83.4500	83.5000	83.3700
83.5000	83.7000	83.4500	83.5000
82.9400	83.5000	83.7000	83.4500
82.8000	82.9400	83.5000	83.7000
82.2500	82.8000	82.9400	83.5000
82.3500	82.2500	82.8000	82.9400
82.7500	82.3500	82.2500	82.8000
82.3500	82.7500	82.3500	82.2500
83.3000	82.3500	82.7500	82.3500
82.7500	83.3000	82.3500	82.7500
82.8000	82.7500	83.3000	82.3500
80.8700	82.8000	82.7500	83.3000
81.2400	80.8700	82.8000	82.7500
81.5000	81.2400	80.8700	82.8000
80.7000	81.5000	81.2400	80.8700
79.7200	80.7000	81.5000	81.2400
79.5000	79.7200	80.7000	81.5000
75.6500	79.5000	79.7200	80.7000
74.6600	75.6500	79.5000	79.7200
75.5000	74.6600	75.6500	79.5000
76.0500	75.5000	74.6600	75.6500
75.8500	76.0500	75.5000	74.6600
73.3300	75.8500	76.0500	75.5000
74.2000	73.3300	75.8500	76.0500
73.4000	74.2000	73.3300	75.8500
74.4000	73.4000	74.2000	73.3300
73.9200	74.4000	73.4000	74.2000
73.1600	73.9200	74.4000	73.4000
71.7100	73.1600	73.9200	74.4000
71.6000	71.7100	73.1600	73.9200
72.5400	71.6000	71.7100	73.1600
71.1200	72.5400	71.6000	71.7100
73.1200	71.1200	72.5400	71.6000
70.0000	73.1200	71.1200	72.5400
64.0100	70.0000	73.1200	71.1200
65.8000	64.0100	70.0000	73.1200
65.2500	65.8000	64.0100	70.0000
66.0000	65.2500	65.8000	64.0100
63.0200	66.0000	65.2500	65.8000
60.3500	63.0200	66.0000	65.2500
63.4000	60.3500	63.0200	66.0000
61.9400	63.4000	60.3500	63.0200
62.1800	61.9400	63.4000	60.3500
62.0000	62.1800	61.9400	63.4000
61.6500	62.0000	62.1800	61.9400
63.5400	61.6500	62.0000	62.1800
64.9800	63.5400	61.6500	62.0000
65.1800	64.9800	63.5400	61.6500
66.0000	65.1800	64.9800	63.5400
65.6100	66.0000	65.1800	64.9800
66.0000	65.6100	66.0000	65.1800
66.3000	66.0000	65.6100	66.0000
66.5000	66.3000	66.0000	65.6100
64.4900	66.5000	66.3000	66.0000
64.2700	64.4900	66.5000	66.3000
62.5000	64.2700	64.4900	66.5000
59.5100	62.5000	64.2700	64.4900
57.2300	59.5100	62.5000	64.2700
59.1600	57.2300	59.5100	62.5000
59.8200	59.1600	57.2300	59.5100
58.5000	59.8200	59.1600	57.2300
56.7600	58.5000	59.8200	59.1600
54.0000	56.7600	58.5000	59.8200
55.0000	54.0000	56.7600	58.5000
56.9000	55.0000	54.0000	56.7600
55.3000	56.9000	55.0000	54.0000
55.5000	55.3000	56.9000	55.0000
56.3500	55.5000	55.3000	56.9000
55.4200	56.3500	55.5000	55.3000
57.9800	55.4200	56.3500	55.5000
59.5000	57.9800	55.4200	56.3500
60.2000	59.5000	57.9800	55.4200
60.2000	60.2000	59.5000	57.9800
59.2000	60.2000	60.2000	59.5000
60.2200	59.2000	60.2000	60.2000
62.3500	60.2200	59.2000	60.2000
60.5000	62.3500	60.2200	59.2000
60.1800	60.5000	62.3500	60.2200
61.3500	60.1800	60.5000	62.3500
61.5000	61.3500	60.1800	60.5000
60.7000	61.5000	61.3500	60.1800
59.2000	60.7000	61.5000	61.3500
59.7100	59.2000	60.7000	61.5000
59.4500	59.7100	59.2000	60.7000
62.7000	59.4500	59.7100	59.2000
63.5000	62.7000	59.4500	59.7100
62.3700	63.5000	62.7000	59.4500
62.4500	62.3700	63.5000	62.7000
62.2600	62.4500	62.3700	63.5000
61.2600	62.2600	62.4500	62.3700
61.4200	61.2600	62.2600	62.4500
60.4000	61.4200	61.2600	62.2600
59.8700	60.4000	61.4200	61.2600
59.9300	59.8700	60.4000	61.4200
60.9800	59.9300	59.8700	60.4000
61.2200	60.9800	59.9300	59.8700
61.8700	61.2200	60.9800	59.9300
63.1400	61.8700	61.2200	60.9800
64.7200	63.1400	61.8700	61.2200
64.7900	64.7200	63.1400	61.8700
66.8700	64.7900	64.7200	63.1400
69.4900	66.8700	64.7900	64.7200
67.8200	69.4900	66.8700	64.7900
66.1000	67.8200	69.4900	66.8700
67.2100	66.1000	67.8200	69.4900
68.5000	67.2100	66.1000	67.8200
68.8900	68.5000	67.2100	66.1000
67.9800	68.8900	68.5000	67.2100
66.7900	67.9800	68.8900	68.5000
65.8500	66.7900	67.9800	68.8900
66.0000	65.8500	66.7900	67.9800
64.8300	66.0000	65.8500	66.7900
65.5100	64.8300	66.0000	65.8500
64.9600	65.5100	64.8300	66.0000
68.5400	64.9600	65.5100	64.8300
73.1500	68.5400	64.9600	65.5100
71.4000	73.1500	68.5400	64.9600
69.6000	71.4000	73.1500	68.5400
69.1900	69.6000	71.4000	73.1500
70.0000	69.1900	69.6000	71.4000
70.0000	70.0000	69.1900	69.6000
69.9000	70.0000	70.0000	69.1900
69.9000	69.9000	70.0000	70.0000
70.4000	69.9000	69.9000	70.0000
70.6500	70.4000	69.9000	69.9000
70.3000	70.6500	70.4000	69.9000
69.8000	70.3000	70.6500	70.4000
70.7900	69.8000	70.3000	70.6500
71.4800	70.7900	69.8000	70.3000
71.4600	71.4800	70.7900	69.8000
70.5000	71.4600	71.4800	70.7900
70.6000	70.5000	71.4600	71.4800
70.9600	70.6000	70.5000	71.4600
70.2000	70.9600	70.6000	70.5000
69.0200	70.2000	70.9600	70.6000
68.6000	69.0200	70.2000	70.9600
69.4800	68.6000	69.0200	70.2000
68.0000	69.4800	68.6000	69.0200
67.4400	68.0000	69.4800	68.6000
67.0400	67.4400	68.0000	69.4800
66.9200	67.0400	67.4400	68.0000
66.6000	66.9200	67.0400	67.4400
67.4800	66.6000	66.9200	67.0400
67.4500	67.4800	66.6000	66.9200
67.8600	67.4500	67.4800	66.6000
68.7600	67.8600	67.4500	67.4800
69.2400	68.7600	67.8600	67.4500
67.2000	69.2400	68.7600	67.8600
54.0800	67.2000	69.2400	68.7600
55.4000	54.0800	67.2000	69.2400
54.6300	55.4000	54.0800	67.2000
53.8900	54.6300	55.4000	54.0800
53.9800	53.8900	54.6300	55.4000
53.3700	53.9800	53.8900	54.6300
51.6600	53.3700	53.9800	53.8900
49.9000	51.6600	53.3700	53.9800
50.7100	49.9000	51.6600	53.3700
52.9700	50.7100	49.9000	51.6600
52.3200	52.9700	50.7100	49.9000
53.7900	52.3200	52.9700	50.7100
53.4000	53.7900	52.3200	52.9700
52.8700	53.4000	53.7900	52.3200
52.5000	52.8700	53.4000	53.7900
51.0000	52.5000	52.8700	53.4000
50.0000	51.0000	52.5000	52.8700
50.3100	50.0000	51.0000	52.5000
48.2300	50.3100	50.0000	51.0000
49.5300	48.2300	50.3100	50.0000
51.6000	49.5300	48.2300	50.3100
51.5000	51.6000	49.5300	48.2300
52.7100	51.5000	51.6000	49.5300
55.2400	52.7100	51.5000	51.6000
50.8900	55.2400	52.7100	51.5000
49.2000	50.8900	55.2400	52.7100
49.5200	49.2000	50.8900	55.2400
52.1700	49.5200	49.2000	50.8900
52.2800	52.1700	49.5200	49.2000
52.0000	52.2800	52.1700	49.5200
51.6600	52.0000	52.2800	52.1700
51.6500	51.6600	52.0000	52.2800
48.7000	51.6500	51.6600	52.0000
48.9600	48.7000	51.6500	51.6600
51.0000	48.9600	48.7000	51.6500
51.5300	51.0000	48.9600	48.7000
51.7600	51.5300	51.0000	48.9600
52.9000	51.7600	51.5300	51.0000
52.5000	52.9000	51.7600	51.5300
53.0500	52.5000	52.9000	51.7600
53.4000	53.0500	52.5000	52.9000
53.8500	53.4000	53.0500	52.5000
55.0300	53.8500	53.4000	53.0500
54.5800	55.0300	53.8500	53.4000
53.9800	54.5800	55.0300	53.8500
54.4800	53.9800	54.5800	55.0300
54.6000	54.4800	53.9800	54.5800
54.0000	54.6000	54.4800	53.9800
52.5000	54.0000	54.6000	54.4800
50.5000	52.5000	54.0000	54.6000
50.6100	50.5000	52.5000	54.0000
52.3000	50.6100	50.5000	52.5000
51.1600	52.3000	50.6100	50.5000
53.1300	51.1600	52.3000	50.6100
55.9900	53.1300	51.1600	52.3000
57.3500	55.9900	53.1300	51.1600
56.5000	57.3500	55.9900	53.1300
56.7000	56.5000	57.3500	55.9900
56.5900	56.7000	56.5000	57.3500
56.5100	56.5900	56.7000	56.5000
56.1000	56.5100	56.5900	56.7000
54.0500	56.1000	56.5100	56.5900
54.0000	54.0500	56.1000	56.5100
53.1100	54.0000	54.0500	56.1000
53.7000	53.1100	54.0000	54.0500
53.4000	53.7000	53.1100	54.0000
52.7400	53.4000	53.7000	53.1100
52.1200	52.7400	53.4000	53.7000
51.4000	52.1200	52.7400	53.4000
52.0000	51.4000	52.1200	52.7400
53.4000	52.0000	51.4000	52.1200
53.2900	53.4000	52.0000	51.4000
51.8700	53.2900	53.4000	52.0000
51.9000	51.8700	53.2900	53.4000
51.8200	51.9000	51.8700	53.2900
50.1500	51.8200	51.9000	51.8700
50.5800	50.1500	51.8200	51.9000
50.0000	50.5800	50.1500	51.8200
47.9500	50.0000	50.5800	50.1500
47.6500	47.9500	50.0000	50.5800
47.7000	47.6500	47.9500	50.0000
47.3300	47.7000	47.6500	47.9500
47.5000	47.3300	47.7000	47.6500
46.3000	47.5000	47.3300	47.7000
47.5300	46.3000	47.5000	47.3300
48.4400	47.5300	46.3000	47.5000
49.6100	48.4400	47.5300	46.3000
46.8500	49.6100	48.4400	47.5300
47.3500	46.8500	49.6100	48.4400
46.7900	47.3500	46.8500	49.6100
47.2400	46.7900	47.3500	46.8500
47.3000	47.2400	46.7900	47.3500
47.3900	47.3000	47.2400	46.7900
46.4100	47.3900	47.3000	47.2400
46.9300	46.4100	47.3900	47.3000
48.1500	46.9300	46.4100	47.3900
47.0600	48.1500	46.9300	46.4100
47.6000	47.0600	48.1500	46.9300
49.3000	47.6000	47.0600	48.1500
48.7200	49.3000	47.6000	47.0600
48.2000	48.7200	49.3000	47.6000
48.4000	48.2000	48.7200	49.3000
47.8000	48.4000	48.2000	48.7200
47.0000	47.8000	48.4000	48.2000
45.8500	47.0000	47.8000	48.4000
46.7400	45.8500	47.0000	47.8000
46.1000	46.7400	45.8500	47.0000
47.2500	46.1000	46.7400	45.8500
47.0100	47.2500	46.1000	46.7400
48.3500	47.0100	47.2500	46.1000
48.8600	48.3500	47.0100	47.2500
48.4200	48.8600	48.3500	47.0100
47.8800	48.4200	48.8600	48.3500
48.4800	47.8800	48.4200	48.8600
47.1500	48.4800	47.8800	48.4200
45.8700	47.1500	48.4800	47.8800
44.6000	45.8700	47.1500	48.4800
44.1000	44.6000	45.8700	47.1500
44.8700	44.1000	44.6000	45.8700
44.9800	44.8700	44.1000	44.6000
44.6000	44.9800	44.8700	44.1000
44.5200	44.6000	44.9800	44.8700
43.8500	44.5200	44.6000	44.9800
44.0000	43.8500	44.5200	44.6000
43.2000	44.0000	43.8500	44.5200
43.0000	43.2000	44.0000	43.8500
42.2000	43.0000	43.2000	44.0000
42.0300	42.2000	43.0000	43.2000
43.2500	42.0300	42.2000	43.0000
43.5700	43.2500	42.0300	42.2000
43.9600	43.5700	43.2500	42.0300
44.7500	43.9600	43.5700	43.2500
44.0600	44.7500	43.9600	43.5700
44.0000	44.0600	44.7500	43.9600
44.6500	44.0000	44.0600	44.7500
44.1800	44.6500	44.0000	44.0600
43.3000	44.1800	44.6500	44.0000
45.2900	43.3000	44.1800	44.6500
47.4400	45.2900	43.3000	44.1800
47.4800	47.4400	45.2900	43.3000
52.1500	47.4800	47.4400	45.2900
51.7300	52.1500	47.4800	47.4400
51.8100	51.7300	52.1500	47.4800
51.3200	51.8100	51.7300	52.1500
51.0700	51.3200	51.8100	51.7300
51.4000	51.0700	51.3200	51.8100
50.9500	51.4000	51.0700	51.3200
50.4000	50.9500	51.4000	51.0700
51.3300	50.4000	50.9500	51.4000
52.0000	51.3300	50.4000	50.9500
53.0000	52.0000	51.3300	50.4000
54.1500	53.0000	52.0000	51.3300
54.1800	54.1500	53.0000	52.0000
54.5000	54.1800	54.1500	53.0000
55.0000	54.5000	54.1800	54.1500
54.1900	55.0000	54.5000	54.1800
54.3100	54.1900	55.0000	54.5000
55.1500	54.3100	54.1900	55.0000
56.6500	55.1500	54.3100	54.1900
57.7000	56.6500	55.1500	54.3100
58.0300	57.7000	56.6500	55.1500
59.2500	58.0300	57.7000	56.6500
59.8000	59.2500	58.0300	57.7000
59.8500	59.8000	59.2500	58.0300
59.6400	59.8500	59.8000	59.2500
59.3100	59.6400	59.8500	59.8000
59.1000	59.3100	59.6400	59.8500
58.0100	59.1000	59.3100	59.6400
59.1000	58.0100	59.1000	59.3100
60.0900	59.1000	58.0100	59.1000
59.3900	60.0900	59.1000	58.0100
59.6600	59.3900	60.0900	59.1000
62.5100	59.6600	59.3900	60.0900
61.9500	62.5100	59.6600	59.3900
61.2500	61.9500	62.5100	59.6600
60.3500	61.2500	61.9500	62.5100
61.0000	60.3500	61.2500	61.9500
61.7500	61.0000	60.3500	61.2500
60.7000	61.7500	61.0000	60.3500
61.5900	60.7000	61.7500	61.0000
61.3000	61.5900	60.7000	61.7500
61.9900	61.3000	61.5900	60.7000
62.2700	61.9900	61.3000	61.5900
66.3900	62.2700	61.9900	61.3000
66.3900	66.3900	62.2700	61.9900
67.4000	66.3900	66.3900	62.2700
66.0000	67.4000	66.3900	66.3900
64.9000	66.0000	67.4000	66.3900
65.0000	64.9000	66.0000	67.4000
64.4600	65.0000	64.9000	66.0000
65.6500	64.4600	65.0000	64.9000
66.0000	65.6500	64.4600	65.0000
65.9800	66.0000	65.6500	64.4600
66.2600	65.9800	66.0000	65.6500
66.6000	66.2600	65.9800	66.0000
65.2000	66.6000	66.2600	65.9800
65.4200	65.2000	66.6000	66.2600
67.9700	65.4200	65.2000	66.6000
68.2700	67.9700	65.4200	65.2000
65.7700	68.2700	67.9700	65.4200
64.6900	65.7700	68.2700	67.9700
63.1000	64.6900	65.7700	68.2700
65.9800	63.1000	64.6900	65.7700
65.3000	65.9800	63.1000	64.6900
69.2800	65.3000	65.9800	63.1000
73.0000	69.2800	65.3000	65.9800
72.0300	73.0000	69.2800	65.3000
71.9700	72.0300	73.0000	69.2800
74.4300	71.9700	72.0300	73.0000
75.2500	74.4300	71.9700	72.0300
74.9900	75.2500	74.4300	71.9700
74.7300	74.9900	75.2500	74.4300
73.1000	74.7300	74.9900	75.2500
73.6000	73.1000	74.7300	74.9900
74.1700	73.6000	73.1000	74.7300
72.9000	74.1700	73.6000	73.1000
73.5700	72.9000	74.1700	73.6000
72.2900	73.5700	72.9000	74.1700
70.9900	72.2900	73.5700	72.9000
71.4800	70.9900	72.2900	73.5700
72.1900	71.4800	70.9900	72.2900
71.9800	72.1900	71.4800	70.9900
72.8300	71.9800	72.1900	71.4800
72.8000	72.8300	71.9800	72.1900
72.1500	72.8000	72.8300	71.9800
71.5000	72.1500	72.8000	72.8300
69.8900	71.5000	72.1500	72.8000
69.3500	69.8900	71.5000	72.1500
69.5800	69.3500	69.8900	71.5000
70.7900	69.5800	69.3500	69.8900
70.8700	70.7900	69.5800	69.3500
72.8300	70.8700	70.7900	69.5800
71.1000	72.8300	70.8700	70.7900
71.8900	71.1000	72.8300	70.8700
74.2000	71.8900	71.1000	72.8300
74.8600	74.2000	71.8900	71.1000
74.6900	74.8600	74.2000	71.8900
74.5900	74.6900	74.8600	74.2000
76.9900	74.5900	74.6900	74.8600
72.9600	76.9900	74.5900	74.6900
72.8600	72.9600	76.9900	74.5900
73.4100	72.8600	72.9600	76.9900
74.1400	73.4100	72.8600	72.9600
73.0000	74.1400	73.4100	72.8600
73.4500	73.0000	74.1400	73.4100
73.6300	73.4500	73.0000	74.1400
74.6400	73.6300	73.4500	73.0000
72.2500	74.6400	73.6300	73.4500
71.4400	72.2500	74.6400	73.6300
70.0000	71.4400	72.2500	74.6400
72.1800	70.0000	71.4400	72.2500
70.5100	72.1800	70.0000	71.4400
69.3500	70.5100	72.1800	70.0000
69.0200	69.3500	70.5100	72.1800
70.0000	69.0200	69.3500	70.5100
69.5400	70.0000	69.0200	69.3500
70.0000	69.5400	70.0000	69.0200
69.4500	70.0000	69.5400	70.0000
68.2000	69.4500	70.0000	69.5400
66.4900	68.2000	69.4500	70.0000
63.3000	66.4900	68.2000	69.4500
68.2000	63.3000	66.4900	68.2000
68.0300	68.2000	63.3000	66.4900
69.5000	68.0300	68.2000	63.3000
67.4200	69.5000	68.0300	68.2000
66.5000	67.4200	69.5000	68.0300
63.9300	66.5000	67.4200	69.5000
64.1000	63.9300	66.5000	67.4200
64.0000	64.1000	63.9300	66.5000
61.4100	64.0000	64.1000	63.9300
60.5000	61.4100	64.0000	64.1000
58.9900	60.5000	61.4100	64.0000
60.8300	58.9900	60.5000	61.4100
59.6800	60.8300	58.9900	60.5000
60.6000	59.6800	60.8300	58.9900
60.9700	60.6000	59.6800	60.8300
61.1500	60.9700	60.6000	59.6800
60.5300	61.1500	60.9700	60.6000
61.1000	60.5300	61.1500	60.9700
61.7500	61.1000	60.5300	61.1500
61.6800	61.7500	61.1000	60.5300
61.8200	61.6800	61.7500	61.1000
61.5200	61.8200	61.6800	61.7500
61.8000	61.5200	61.8200	61.6800
62.3900	61.8000	61.5200	61.8200
62.5000	62.3900	61.8000	61.5200
62.4500	62.5000	62.3900	61.8000
62.4800	62.4500	62.5000	62.3900
62.0100	62.4800	62.4500	62.5000
60.9500	62.0100	62.4800	62.4500
60.8800	60.9500	62.0100	62.4800
59.8000	60.8800	60.9500	62.0100
60.3000	59.8000	60.8800	60.9500
60.5000	60.3000	59.8000	60.8800
60.5000	60.5000	60.3000	59.8000
59.3400	60.5000	60.5000	60.3000
61.1600	59.3400	60.5000	60.5000
62.0000	61.1600	59.3400	60.5000
62.0000	62.0000	61.1600	59.3400
62.2000	62.0000	62.0000	61.1600
64.1000	62.2000	62.0000	62.0000
63.7300	64.1000	62.2000	62.0000
63.1000	63.7300	64.1000	62.2000
62.5000	63.1000	63.7300	64.1000
64.1000	62.5000	63.1000	63.7300
63.6000	64.1000	62.5000	63.1000
63.8000	63.6000	64.1000	62.5000
63.7100	63.8000	63.6000	64.1000
64.2500	63.7100	63.8000	63.6000
64.0000	64.2500	63.7100	63.8000
63.4800	64.0000	64.2500	63.7100
62.5000	63.4800	64.0000	64.2500
61.7000	62.5000	63.4800	64.0000
61.4100	61.7000	62.5000	63.4800
61.6500	61.4100	61.7000	62.5000
62.4500	61.6500	61.4100	61.7000
62.3900	62.4500	61.6500	61.4100
63.5400	62.3900	62.4500	61.6500
62.9100	63.5400	62.3900	62.4500
65.0700	62.9100	63.5400	62.3900
64.5000	65.0700	62.9100	63.5400
66.3800	64.5000	65.0700	62.9100
66.0000	66.3800	64.5000	65.0700
66.1500	66.0000	66.3800	64.5000
66.2000	66.1500	66.0000	66.3800
66.0000	66.2000	66.1500	66.0000
65.6000	66.0000	66.2000	66.1500
65.3900	65.6000	66.0000	66.2000
65.0000	65.3900	65.6000	66.0000
64.5800	65.0000	65.3900	65.6000
64.5500	64.5800	65.0000	65.3900
64.1100	64.5500	64.5800	65.0000
63.5000	64.1100	64.5500	64.5800
62.8000	63.5000	64.1100	64.5500
63.0300	62.8000	63.5000	64.1100
65.7000	63.0300	62.8000	63.5000
65.1100	65.7000	63.0300	62.8000
65.3700	65.1100	65.7000	63.0300
65.7000	65.3700	65.1100	65.7000
65.2800	65.7000	65.3700	65.1100
65.4600	65.2800	65.7000	65.3700
66.4400	65.4600	65.2800	65.7000
68.2000	66.4400	65.4600	65.2800
68.4900	68.2000	66.4400	65.4600
68.8100	68.4900	68.2000	66.4400
69.8600	68.8100	68.4900	68.2000
71.8000	69.8600	68.8100	68.4900
71.0400	71.8000	69.8600	68.8100
71.3500	71.0400	71.8000	69.8600
72.7500	71.3500	71.0400	71.8000
72.3800	72.7500	71.3500	71.0400
71.9200	72.3800	72.7500	71.3500
71.7800	71.9200	72.3800	72.7500
71.1900	71.7800	71.9200	72.3800
70.4000	71.1900	71.7800	71.9200
70.3100	70.4000	71.1900	71.7800
70.5000	70.3100	70.4000	71.1900
69.8000	70.5000	70.3100	70.4000
70.0700	69.8000	70.5000	70.3100
70.1800	70.0700	69.8000	70.5000
67.4000	70.1800	70.0700	69.8000
68.6900	67.4000	70.1800	70.0700
68.7600	68.6900	67.4000	70.1800
69.5000	68.7600	68.6900	67.4000
71.3700	69.5000	68.7600	68.6900
72.3300	71.3700	69.5000	68.7600
70.3700	72.3300	71.3700	69.5000
71.0800	70.3700	72.3300	71.3700
73.1500	71.0800	70.3700	72.3300
72.7400	73.1500	71.0800	70.3700
72.1700	72.7400	73.1500	71.0800
71.2000	72.1700	72.7400	73.1500
70.0300	71.2000	72.1700	72.7400
71.3800	70.0300	71.2000	72.1700
71.5000	71.3800	70.0300	71.2000
70.5000	71.5000	71.3800	70.0300
70.9100	70.5000	71.5000	71.3800
71.5100	70.9100	70.5000	71.5000
73.5000	71.5100	70.9100	70.5000
73.7000	73.5000	71.5100	70.9100
75.0000	73.7000	73.5000	71.5100
74.9200	75.0000	73.7000	73.5000
73.5500	74.9200	75.0000	73.7000
75.4000	73.5500	74.9200	75.0000
73.9900	75.4000	73.5500	74.9200
71.6500	73.9900	75.4000	73.5500
72.0500	71.6500	73.9900	75.4000
72.3800	72.0500	71.6500	73.9900
75.2900	72.3800	72.0500	71.6500
75.0200	75.2900	72.3800	72.0500
75.4800	75.0200	75.2900	72.3800
73.0900	75.4800	75.0200	75.2900
74.0000	73.0900	75.4800	75.0200
75.6000	74.0000	73.0900	75.4800
77.0000	75.6000	74.0000	73.0900
76.1500	77.0000	75.6000	74.0000
77.7700	76.1500	77.0000	75.6000
76.0000	77.7700	76.1500	77.0000
78.5000	76.0000	77.7700	76.1500
79.0000	78.5000	76.0000	77.7700
78.4000	79.0000	78.5000	76.0000
78.8600	78.4000	79.0000	78.5000
78.7000	78.8600	78.4000	79.0000
79.3000	78.7000	78.8600	78.4000
79.5000	79.3000	78.7000	78.8600
79.5000	79.5000	79.3000	78.7000
77.9500	79.5000	79.5000	79.3000
78.1000	77.9500	79.5000	79.5000
78.0000	78.1000	77.9500	79.5000
77.3500	78.0000	78.1000	77.9500
76.6000	77.3500	78.0000	78.1000
76.7000	76.6000	77.3500	78.0000
77.7000	76.7000	76.6000	77.3500
79.9000	77.7000	76.7000	76.6000
79.1500	79.9000	77.7000	76.7000
80.0000	79.1500	79.9000	77.7000
84.3000	80.0000	79.1500	79.9000
88.0000	84.3000	80.0000	79.1500
87.2500	88.0000	84.3000	80.0000
87.3500	87.2500	88.0000	84.3000
87.0500	87.3500	87.2500	88.0000
87.2000	87.0500	87.3500	87.2500
86.3000	87.2000	87.0500	87.3500
87.4000	86.3000	87.2000	87.0500
86.4000	87.4000	86.3000	87.2000
84.8500	86.4000	87.4000	86.3000
85.5000	84.8500	86.4000	87.4000
86.7500	85.5000	84.8500	86.4000
86.3500	86.7500	85.5000	84.8500
87.3000	86.3500	86.7500	85.5000
84.0000	87.3000	86.3500	86.7500
83.5000	84.0000	87.3000	86.3500
81.6000	83.5000	84.0000	87.3000
82.5000	81.6000	83.5000	84.0000
83.0000	82.5000	81.6000	83.5000
82.5000	83.0000	82.5000	81.6000
82.9500	82.5000	83.0000	82.5000
82.7000	82.9500	82.5000	83.0000
83.5000	82.7000	82.9500	82.5000
84.8500	83.5000	82.7000	82.9500
84.0000	84.8500	83.5000	82.7000
83.8500	84.0000	84.8500	83.5000
83.5000	83.8500	84.0000	84.8500
83.4000	83.5000	83.8500	84.0000
82.6000	83.4000	83.5000	83.8500
83.4500	82.6000	83.4000	83.5000
83.3500	83.4500	82.6000	83.4000
82.0500	83.3500	83.4500	82.6000
80.9000	82.0500	83.3500	83.4500
79.9000	80.9000	82.0500	83.3500
80.3000	79.9000	80.9000	82.0500
81.8000	80.3000	79.9000	80.9000
76.0000	81.8000	80.3000	79.9000
76.7000	76.0000	81.8000	80.3000
78.0000	76.7000	76.0000	81.8000
77.0000	78.0000	76.7000	76.0000
76.5000	77.0000	78.0000	76.7000
76.5000	76.5000	77.0000	78.0000
75.6000	76.5000	76.5000	77.0000
74.4000	75.6000	76.5000	76.5000
76.0000	74.4000	75.6000	76.5000
76.9500	76.0000	74.4000	75.6000
75.7000	76.9500	76.0000	74.4000
76.2000	75.7000	76.9500	76.0000
75.7000	76.2000	75.7000	76.9500
74.7000	75.7000	76.2000	75.7000
72.8500	74.7000	75.7000	76.2000
73.5500	72.8500	74.7000	75.7000
74.3000	73.5500	72.8500	74.7000
72.8000	74.3000	73.5500	72.8500
71.2500	72.8000	74.3000	73.5500
69.0000	71.2500	72.8000	74.3000
70.4500	69.0000	71.2500	72.8000
72.9000	70.4500	69.0000	71.2500
72.7500	72.9000	70.4500	69.0000
72.9500	72.7500	72.9000	70.4500
72.0000	72.9500	72.7500	72.9000
71.9500	72.0000	72.9500	72.7500
72.2000	71.9500	72.0000	72.9500
71.9500	72.2000	71.9500	72.0000
72.2000	71.9500	72.2000	71.9500
72.8500	72.2000	71.9500	72.2000
71.5000	72.8500	72.2000	71.9500
71.0500	71.5000	72.8500	72.2000
70.9000	71.0500	71.5000	72.8500
71.3000	70.9000	71.0500	71.5000
71.0000	71.3000	70.9000	71.0500
71.0500	71.0000	71.3000	70.9000
70.7000	71.0500	71.0000	71.3000
68.9000	70.7000	71.0500	71.0000
67.8000	68.9000	70.7000	71.0500
66.0500	67.8000	68.9000	70.7000
68.3000	66.0500	67.8000	68.9000
72.5500	68.3000	66.0500	67.8000
72.8000	72.5500	68.3000	66.0500
72.8000	72.8000	72.5500	68.3000
73.0000	72.8000	72.8000	72.5500
73.5500	73.0000	72.8000	72.8000
73.0000	73.5500	73.0000	72.8000
72.1000	73.0000	73.5500	73.0000
73.0000	72.1000	73.0000	73.5500
72.9000	73.0000	72.1000	73.0000
72.0000	72.9000	73.0000	72.1000
70.0000	72.0000	72.9000	73.0000
70.7000	70.0000	72.0000	72.9000
71.5000	70.7000	70.0000	72.0000
69.7000	71.5000	70.7000	70.0000
69.2500	69.7000	71.5000	70.7000
70.4500	69.2500	69.7000	71.5000
69.0500	70.4500	69.2500	69.7000
71.4500	69.0500	70.4500	69.2500
69.8500	71.4500	69.0500	70.4500
70.2000	69.8500	71.4500	69.0500
70.0000	70.2000	69.8500	71.4500
70.4000	70.0000	70.2000	69.8500
70.2000	70.4000	70.0000	70.2000
70.2500	70.2000	70.4000	70.0000
70.1000	70.2500	70.2000	70.4000
68.0000	70.1000	70.2500	70.2000
67.5500	68.0000	70.1000	70.2500
67.4000	67.5500	68.0000	70.1000
68.0000	67.4000	67.5500	68.0000
67.5000	68.0000	67.4000	67.5500
69.0000	67.5000	68.0000	67.4000
69.0000	69.0000	67.5000	68.0000
68.0000	69.0000	69.0000	67.5000
67.3000	68.0000	69.0000	69.0000
65.5000	67.3000	68.0000	69.0000
66.9000	65.5000	67.3000	68.0000
65.4000	66.9000	65.5000	67.3000
68.0000	65.4000	66.9000	65.5000
69.7500	68.0000	65.4000	66.9000
69.5000	69.7500	68.0000	65.4000
69.5000	69.5000	69.7500	68.0000
69.9000	69.5000	69.5000	69.7500
68.6000	69.9000	69.5000	69.5000
67.3000	68.6000	69.9000	69.5000
67.5500	67.3000	68.6000	69.9000
67.1000	67.5500	67.3000	68.6000
67.6500	67.1000	67.5500	67.3000
68.9500	67.6500	67.1000	67.5500
67.1000	68.9500	67.6500	67.1000
67.6000	67.1000	68.9500	67.6500
67.6000	67.6000	67.1000	68.9500
67.7500	67.6000	67.6000	67.1000
70.9000	67.7500	67.6000	67.6000
70.2000	70.9000	67.7500	67.6000
73.5500	70.2000	70.9000	67.7500
71.0000	73.5500	70.2000	70.9000
73.0000	71.0000	73.5500	70.2000
72.6500	73.0000	71.0000	73.5500
72.6000	72.6500	73.0000	71.0000
71.5000	72.6000	72.6500	73.0000
70.7500	71.5000	72.6000	72.6500
71.9000	70.7500	71.5000	72.6000
73.2500	71.9000	70.7500	71.5000
76.2000	73.2500	71.9000	70.7500
72.5000	76.2000	73.2500	71.9000
70.0500	72.5000	76.2000	73.2500
68.5000	70.0500	72.5000	76.2000
67.5500	68.5000	70.0500	72.5000
66.4000	67.5500	68.5000	70.0500
65.8000	66.4000	67.5500	68.5000
66.3000	65.8000	66.4000	67.5500
67.9000	66.3000	65.8000	66.4000
67.4500	67.9000	66.3000	65.8000
68.6000	67.4500	67.9000	66.3000
67.4500	68.6000	67.4500	67.9000
68.8000	67.4500	68.6000	67.4500
70.2000	68.8000	67.4500	68.6000
70.0500	70.2000	68.8000	67.4500
69.3000	70.0500	70.2000	68.8000
68.0500	69.3000	70.0500	70.2000
68.6500	68.0500	69.3000	70.0500
66.9000	68.6500	68.0500	69.3000
64.0000	66.9000	68.6500	68.0500
62.8500	64.0000	66.9000	68.6500
60.9500	62.8500	64.0000	66.9000
61.1000	60.9500	62.8500	64.0000
63.0000	61.1000	60.9500	62.8500
60.0500	63.0000	61.1000	60.9500
60.7000	60.0500	63.0000	61.1000
64.5500	60.7000	60.0500	63.0000
61.2000	64.5500	60.7000	60.0500
61.5000	61.2000	64.5500	60.7000
61.3000	61.5000	61.2000	64.5500
62.7500	61.3000	61.5000	61.2000
62.6000	62.7500	61.3000	61.5000
63.2500	62.6000	62.7500	61.3000
63.1000	63.2500	62.6000	62.7500
64.3000	63.1000	63.2500	62.6000
63.5000	64.3000	63.1000	63.2500
63.0000	63.5000	64.3000	63.1000
63.5500	63.0000	63.5000	64.3000
61.9500	63.5500	63.0000	63.5000
62.9000	61.9500	63.5500	63.0000
62.7500	62.9000	61.9500	63.5500
60.6500	62.7500	62.9000	61.9500
60.4500	60.6500	62.7500	62.9000
61.2000	60.4500	60.6500	62.7500
62.3000	61.2000	60.4500	60.6500
62.0000	62.3000	61.2000	60.4500
62.4000	62.0000	62.3000	61.2000
61.7000	62.4000	62.0000	62.3000
63.0000	61.7000	62.4000	62.0000
61.9500	63.0000	61.7000	62.4000
61.0000	61.9500	63.0000	61.7000
61.0000	61.0000	61.9500	63.0000
60.3000	61.0000	61.0000	61.9500
59.0000	60.3000	61.0000	61.0000
58.7000	59.0000	60.3000	61.0000
60.1000	58.7000	59.0000	60.3000
57.0000	60.1000	58.7000	59.0000
57.5500	57.0000	60.1000	58.7000
57.4000	57.5500	57.0000	60.1000
57.7500	57.4000	57.5500	57.0000
59.8000	57.7500	57.4000	57.5500
58.6000	59.8000	57.7500	57.4000
57.0000	58.6000	59.8000	57.7500
58.2500	57.0000	58.6000	59.8000
59.9000	58.2500	57.0000	58.6000
56.2000	59.9000	58.2500	57.0000
53.4000	56.2000	59.9000	58.2500
55.1000	53.4000	56.2000	59.9000
53.5500	55.1000	53.4000	56.2000
50.6500	53.5500	55.1000	53.4000
52.0000	50.6500	53.5500	55.1000
51.7000	52.0000	50.6500	53.5500
50.1000	51.7000	52.0000	50.6500
51.7000	50.1000	51.7000	52.0000
51.5000	51.7000	50.1000	51.7000
50.0000	51.5000	51.7000	50.1000
48.7000	50.0000	51.5000	51.7000
51.1000	48.7000	50.0000	51.5000
53.8000	51.1000	48.7000	50.0000
54.5000	53.8000	51.1000	48.7000
55.4500	54.5000	53.8000	51.1000
56.6500	55.4500	54.5000	53.8000
57.4000	56.6500	55.4500	54.5000
55.1500	57.4000	56.6500	55.4500
54.8500	55.1500	57.4000	56.6500
54.8000	54.8500	55.1500	57.4000
53.1000	54.8000	54.8500	55.1500
54.6500	53.1000	54.8000	54.8500
54.9500	54.6500	53.1000	54.8000
55.2000	54.9500	54.6500	53.1000
55.6000	55.2000	54.9500	54.6500
57.0500	55.6000	55.2000	54.9500
56.7500	57.0500	55.6000	55.2000
55.8500	56.7500	57.0500	55.6000
54.5000	55.8500	56.7500	57.0500
53.1000	54.5000	55.8500	56.7500
53.1500	53.1000	54.5000	55.8500
55.0000	53.1500	53.1000	54.5000
53.4000	55.0000	53.1500	53.1000
54.7500	53.4000	55.0000	53.1500
56.2000	54.7500	53.4000	55.0000
55.9500	56.2000	54.7500	53.4000
56.3500	55.9500	56.2000	54.7500
55.0000	56.3500	55.9500	56.2000
55.6000	55.0000	56.3500	55.9500
55.0000	55.6000	55.0000	56.3500
54.6000	55.0000	55.6000	55.0000
55.8500	54.6000	55.0000	55.6000
54.7000	55.8500	54.6000	55.0000
54.2000	54.7000	55.8500	54.6000
53.8000	54.2000	54.7000	55.8500
53.9500	53.8000	54.2000	54.7000
54.4000	53.9500	53.8000	54.2000
55.5000	54.4000	53.9500	53.8000
57.5000	55.5000	54.4000	53.9500
58.2500	57.5000	55.5000	54.4000
57.5500	58.2500	57.5000	55.5000
56.8500	57.5500	58.2500	57.5000
57.5000	56.8500	57.5500	58.2500
58.5500	57.5000	56.8500	57.5500
58.5000	58.5500	57.5000	56.8500
60.5000	58.5000	58.5500	57.5000
60.5000	60.5000	58.5000	58.5500
60.3500	60.5000	60.5000	58.5000
59.5000	60.3500	60.5000	60.5000
58.5500	59.5000	60.3500	60.5000
59.2500	58.5500	59.5000	60.3500
58.2000	59.2500	58.5500	59.5000
57.7000	58.2000	59.2500	58.5500
57.4500	57.7000	58.2000	59.2500
57.7500	57.4500	57.7000	58.2000
59.3500	57.7500	57.4500	57.7000
59.7500	59.3500	57.7500	57.4500
59.3000	59.7500	59.3500	57.7500
59.5000	59.3000	59.7500	59.3500
59.1500	59.5000	59.3000	59.7500
59.0500	59.1500	59.5000	59.3000
58.1000	59.0500	59.1500	59.5000
58.7000	58.1000	59.0500	59.1500
60.0500	58.7000	58.1000	59.0500
62.3000	60.0500	58.7000	58.1000
62.4500	62.3000	60.0500	58.7000
62.0000	62.4500	62.3000	60.0500
60.4000	62.0000	62.4500	62.3000
60.3000	60.4000	62.0000	62.4500
60.5000	60.3000	60.4000	62.0000
62.3000	60.5000	60.3000	60.4000
61.5000	62.3000	60.5000	60.3000
63.1500	61.5000	62.3000	60.5000
63.3500	63.1500	61.5000	62.3000
62.7500	63.3500	63.1500	61.5000
63.9000	62.7500	63.3500	63.1500
63.8000	63.9000	62.7500	63.3500
62.9000	63.8000	63.9000	62.7500
61.5500	62.9000	63.8000	63.9000
61.7000	61.5500	62.9000	63.8000
61.0000	61.7000	61.5500	62.9000
61.8500	61.0000	61.7000	61.5500
60.6500	61.8500	61.0000	61.7000
59.7500	60.6500	61.8500	61.0000
60.4000	59.7500	60.6500	61.8500
60.2000	60.4000	59.7500	60.6500
60.5500	60.2000	60.4000	59.7500
60.4000	60.5500	60.2000	60.4000
59.9000	60.4000	60.5500	60.2000
60.0000	59.9000	60.4000	60.5500
60.1500	60.0000	59.9000	60.4000
60.0000	60.1500	60.0000	59.9000
59.8000	60.0000	60.1500	60.0000
58.5500	59.8000	60.0000	60.1500
57.5000	58.5500	59.8000	60.0000
59.0000	57.5000	58.5500	59.8000
59.9000	59.0000	57.5000	58.5500
60.0000	59.9000	59.0000	57.5000
59.8000	60.0000	59.9000	59.0000

